Set number  133 for set cover is :  800 153 618 944 889 193 675 725 476 554 549 386 262 808 729 322 148 819 736 839 794 152 83 586 407 630 561 812 845 320 829 700 127 188 635 63 114 493 628 115 750 522 540 537 169 860 142 748 49 885 
This is the number  1 set added 
Length of the cover is : 50 

Set number  125 for set cover is :  963 698 626 706 621 713 694 686 800 328 753 177 952 657 397 751 897 126 157 489 832 944 281 744 406 893 789 393 435 122 886 315 498 677 497 226 217 259 61 764 434 949 98 674 532 333 386 324 346 521 
This is the number  2 set added 
Length of the cover is : 97 

Set number  191 for set cover is :  662 506 152 180 536 903 807 211 957 247 912 831 391 482 349 353 416 740 539 968 620 561 679 125 661 890 13 908 311 713 761 749 398 881 689 3 978 257 836 880 508 378 686 843 762 981 596 556 126 354 
This is the number  3 set added 
Length of the cover is : 142 

Set number  250 for set cover is :  285 596 249 773 402 370 194 187 640 649 606 708 40 843 197 106 426 138 319 424 182 661 149 613 685 739 576 975 262 95 807 168 580 628 695 105 950 879 720 54 158 39 492 862 855 377 850 885 243 831 
This is the number  4 set added 
Length of the cover is : 184 

Set number  182 for set cover is :  838 945 919 116 106 677 550 384 375 660 503 567 719 526 30 922 733 619 167 634 385 499 645 222 209 923 72 610 617 535 865 489 377 328 119 672 999 363 393 322 974 253 850 80 840 329 247 746 594 841 
This is the number  5 set added 
Length of the cover is : 225 

Set number  273 for set cover is :  353 140 146 179 747 45 328 172 729 894 272 785 123 634 886 561 912 243 466 212 14 906 417 118 457 28 487 640 768 323 82 344 471 581 551 239 825 289 107 229 998 891 377 979 5 604 989 136 698 833 
This is the number  6 set added 
Length of the cover is : 264 

Set number  301 for set cover is :  523 709 245 125 348 943 884 769 670 155 687 79 843 281 834 225 887 919 219 217 159 477 465 823 188 257 715 166 454 34 761 743 180 5 401 322 189 296 940 924 634 836 451 497 661 190 918 18 63 869 
This is the number  7 set added 
Length of the cover is : 298 

Set number  247 for set cover is :  941 590 449 548 904 701 452 753 75 746 489 85 717 96 526 137 606 561 444 128 545 996 558 737 165 850 19 912 485 840 809 798 458 642 968 131 371 599 461 838 471 624 862 100 1 463 428 442 88 
This is the number  8 set added 
Length of the cover is : 334 

Set number  379 for set cover is :  819 957 560 221 394 18 535 227 86 790 983 368 308 154 59 53 395 928 493 565 612 689 906 468 825 794 64 152 4 358 693 359 993 120 182 694 631 92 885 409 30 356 146 523 25 598 68 521 226 
This is the number  9 set added 
Length of the cover is : 365 

Set number  107 for set cover is :  52 161 799 456 448 394 83 826 900 358 380 545 399 53 374 975 716 567 323 873 275 616 538 962 295 491 641 235 694 137 283 930 743 927 438 693 845 85 608 683 13 236 756 501 578 752 691 953 903 
This is the number  10 set added 
Length of the cover is : 398 

Set number  484 for set cover is :  705 6 208 375 860 970 715 475 992 642 377 268 350 807 461 861 339 179 328 1 84 948 769 723 574 192 127 751 392 318 266 64 614 697 528 846 185 862 972 648 555 543 559 700 637 183 673 10 568 
This is the number  11 set added 
Length of the cover is : 431 

Set number  110 for set cover is :  467 297 687 329 594 482 750 246 397 483 658 315 405 337 568 904 226 139 703 294 754 576 787 648 984 484 6 263 33 114 131 301 225 555 702 212 705 863 990 698 811 849 255 909 586 303 354 716 545 499 
This is the number  12 set added 
Length of the cover is : 456 

Set number  442 for set cover is :  634 407 950 938 757 191 784 222 742 246 565 301 112 972 539 399 928 462 316 131 369 785 125 853 51 552 999 418 814 440 140 324 664 271 639 998 463 403 328 489 836 387 435 587 230 448 109 214 385 
This is the number  13 set added 
Length of the cover is : 480 

Set number  342 for set cover is :  79 315 53 463 532 809 130 512 668 879 803 644 480 975 176 376 960 205 765 27 981 471 125 135 236 492 177 23 970 168 21 870 618 919 119 829 805 34 406 577 812 90 738 434 496 152 184 851 359 
This is the number  14 set added 
Length of the cover is : 503 

Set number  122 for set cover is :  299 123 966 930 859 125 923 882 711 772 378 697 743 422 57 183 425 247 652 754 175 50 110 914 55 430 891 887 856 757 423 524 992 450 712 553 386 972 860 728 769 137 14 394 483 983 451 641 452 
This is the number  15 set added 
Length of the cover is : 526 

Set number  49 for set cover is :  746 319 144 554 786 299 839 316 559 567 430 503 941 709 740 258 618 7 749 661 621 381 525 159 572 190 315 292 716 928 4 270 152 902 22 619 6 97 260 140 531 914 72 350 631 722 440 360 
This is the number  16 set added 
Length of the cover is : 542 

Set number  246 for set cover is :  399 422 473 883 933 92 35 117 534 256 68 765 297 215 690 85 495 411 185 445 891 939 930 51 569 995 663 668 637 115 334 67 268 804 300 952 188 18 783 823 28 470 913 682 751 523 112 262 641 
This is the number  17 set added 
Length of the cover is : 566 

Set number  159 for set cover is :  775 486 734 612 431 602 536 363 189 160 327 950 512 325 458 585 851 803 43 788 674 118 496 201 196 942 56 957 627 770 266 941 320 360 731 544 919 566 816 580 573 113 61 535 780 159 924 970 691 
This is the number  18 set added 
Length of the cover is : 590 

Set number  73 for set cover is :  642 937 932 864 696 821 662 310 610 2 663 873 868 50 411 339 855 53 155 983 371 924 649 135 161 342 886 390 615 810 54 136 394 51 93 103 276 199 753 6 426 56 181 388 180 13 518 568 
This is the number  19 set added 
Length of the cover is : 609 

Set number  194 for set cover is :  433 109 550 236 880 985 427 923 934 637 381 373 722 154 656 155 343 836 460 672 467 251 572 243 575 408 489 137 615 567 349 852 54 546 823 161 112 359 196 939 145 71 658 113 363 266 104 484 
This is the number  20 set added 
Length of the cover is : 625 

Set number  325 for set cover is :  720 930 861 128 960 817 80 772 471 518 799 155 666 969 88 33 317 86 610 63 708 613 895 127 574 185 673 841 963 517 377 946 421 520 370 160 321 916 875 119 977 93 246 573 864 732 599 385 
This is the number  21 set added 
Length of the cover is : 639 

Set number  362 for set cover is :  682 976 202 342 965 34 104 150 250 758 686 711 577 897 377 761 488 551 525 442 399 877 853 18 542 57 279 248 673 459 268 280 486 30 36 205 204 579 392 95 151 683 168 716 685 564 953 
This is the number  22 set added 
Length of the cover is : 657 

Set number  478 for set cover is :  452 545 104 33 725 754 857 972 751 416 826 30 952 209 674 100 303 773 720 961 717 549 482 583 737 565 75 939 107 655 504 154 48 591 453 422 894 614 279 377 465 151 292 554 983 740 837 285 
This is the number  23 set added 
Length of the cover is : 666 

Set number  409 for set cover is :  322 409 954 204 387 825 498 64 461 79 319 999 392 866 574 621 555 266 532 419 209 460 509 70 77 73 944 36 942 433 962 481 704 531 535 330 976 763 677 583 606 673 562 895 601 967 412 858 
This is the number  24 set added 
Length of the cover is : 682 

Set number  173 for set cover is :  747 615 234 25 856 211 904 9 416 474 999 295 779 511 306 703 485 915 392 791 633 5 263 504 784 77 909 24 438 877 786 17 532 517 59 970 872 737 333 23 943 31 717 369 72 968 435 359 
This is the number  25 set added 
Length of the cover is : 695 

Set number  431 for set cover is :  163 362 50 409 262 859 992 97 767 284 420 95 369 303 341 515 320 487 572 562 705 988 941 324 291 55 277 355 843 688 71 755 469 874 554 72 325 760 70 359 873 345 701 53 45 679 23 552 290 
This is the number  26 set added 
Length of the cover is : 713 

Set number  30 for set cover is :  749 842 584 396 563 470 242 475 654 756 198 904 414 871 796 693 706 486 98 832 139 212 638 237 181 221 458 16 539 570 865 206 855 959 71 94 425 47 929 335 750 362 530 663 848 870 185 74 
This is the number  27 set added 
Length of the cover is : 736 

Set number  63 for set cover is :  523 27 649 428 476 127 768 457 50 69 381 21 108 271 319 894 254 245 524 31 320 576 60 54 92 112 376 964 57 452 671 600 994 763 485 154 887 394 438 477 975 774 606 863 914 138 629 185 
This is the number  28 set added 
Length of the cover is : 746 

Set number  77 for set cover is :  577 390 712 339 662 36 430 738 248 748 788 160 822 514 154 252 384 391 60 602 724 677 15 732 358 167 978 31 612 962 189 946 240 801 257 681 389 477 300 888 103 819 91 860 88 301 647 
This is the number  29 set added 
Length of the cover is : 758 

Set number  176 for set cover is :  117 996 83 360 5 785 191 670 213 378 135 53 90 350 107 33 72 997 221 102 79 645 531 832 514 171 260 721 695 82 253 923 684 833 240 373 955 133 270 77 316 138 230 274 795 704 313 
This is the number  30 set added 
Length of the cover is : 769 

Set number  340 for set cover is :  426 919 774 166 32 223 167 303 374 738 375 363 209 909 296 752 110 470 665 278 11 563 580 918 556 763 801 327 495 567 340 364 833 874 492 528 771 934 286 570 312 310 427 402 754 649 121 706 
This is the number  31 set added 
Length of the cover is : 780 

Set number  52 for set cover is :  901 515 957 667 243 366 530 885 223 724 242 541 503 575 190 407 145 543 36 431 361 323 267 123 333 976 352 714 960 580 544 31 825 262 592 220 653 371 888 253 368 405 132 769 184 874 829 699 
This is the number  32 set added 
Length of the cover is : 793 

Set number  492 for set cover is :  469 99 728 110 592 618 30 400 421 760 172 732 746 272 339 179 79 645 151 11 866 600 608 138 888 177 851 738 857 372 681 823 296 39 430 707 375 193 986 321 383 655 210 815 119 763 427 
This is the number  33 set added 
Length of the cover is : 801 

Set number  317 for set cover is :  444 844 4 70 571 583 785 271 278 986 436 421 760 642 758 235 265 471 3 450 584 128 345 623 546 504 379 857 2 81 818 186 423 633 304 144 529 677 210 307 10 810 761 754 542 932 828 
This is the number  34 set added 
Length of the cover is : 814 

Set number  171 for set cover is :  1000 178 170 594 744 271 994 648 599 782 532 276 740 37 752 388 2 316 332 6 835 447 312 536 143 833 867 192 176 402 612 292 480 174 805 431 947 401 305 656 588 622 478 438 246 145 936 
This is the number  35 set added 
Length of the cover is : 831 

Set number  421 for set cover is :  327 926 649 547 284 920 628 979 72 24 210 448 129 641 513 776 206 525 602 734 433 221 971 647 936 438 623 660 451 723 810 179 53 73 205 993 958 955 105 536 408 674 96 147 185 128 406 
This is the number  36 set added 
Length of the cover is : 840 

Set number  344 for set cover is :  189 237 602 449 649 195 912 584 533 472 302 331 1000 255 155 318 782 137 756 468 663 531 480 201 490 550 469 905 508 81 998 373 228 698 671 942 55 169 994 797 787 250 624 327 745 494 824 
This is the number  37 set added 
Length of the cover is : 852 

Set number  480 for set cover is :  736 775 345 92 224 57 159 318 786 312 939 561 919 161 511 622 129 624 818 36 77 4 755 975 870 562 935 484 738 860 591 420 99 602 181 200 23 403 199 479 451 654 831 537 244 287 251 
This is the number  38 set added 
Length of the cover is : 858 

Set number  357 for set cover is :  886 192 419 968 764 546 854 272 318 328 742 179 503 643 811 357 460 373 756 32 212 178 529 863 928 277 423 346 399 329 60 861 720 777 739 584 590 567 855 127 93 85 259 209 493 826 987 
This is the number  39 set added 
Length of the cover is : 863 

Set number  243 for set cover is :  63 560 603 405 824 578 875 962 326 750 593 635 497 772 430 702 775 949 203 946 960 664 555 701 218 160 487 857 840 768 901 644 254 484 205 136 324 159 314 121 568 414 751 594 5 795 
This is the number  40 set added 
Length of the cover is : 869 

Set number  367 for set cover is :  825 228 472 971 270 51 623 182 212 206 490 91 586 438 449 132 408 708 611 745 898 722 528 128 747 694 977 360 948 891 118 252 583 167 790 271 406 577 440 140 261 380 348 653 955 177 766 
This is the number  41 set added 
Length of the cover is : 873 

Set number  427 for set cover is :  144 299 170 630 167 25 955 867 578 788 404 283 984 549 989 873 47 592 54 877 664 736 486 304 693 56 564 715 202 321 352 538 678 849 903 872 311 548 878 406 841 232 177 748 930 983 266 
This is the number  42 set added 
Length of the cover is : 877 

Set number  154 for set cover is :  6 287 734 991 763 326 405 262 24 153 529 799 174 515 623 510 234 221 351 490 386 61 616 146 118 309 932 824 830 263 797 975 360 58 408 984 395 370 853 224 943 995 703 375 556 889 987 
This is the number  43 set added 
Length of the cover is : 883 

Set number  350 for set cover is :  140 85 11 373 983 608 631 127 60 634 444 471 484 436 275 89 806 271 679 955 986 954 514 92 898 582 151 443 311 912 66 800 984 70 540 910 251 579 895 749 198 629 203 769 433 875 517 
This is the number  44 set added 
Length of the cover is : 889 

Set number  435 for set cover is :  464 323 462 891 131 668 754 530 882 82 559 856 53 440 335 499 732 789 820 939 354 858 874 33 339 426 527 632 690 568 496 587 125 126 29 366 232 215 97 548 60 267 205 875 715 349 
This is the number  45 set added 
Length of the cover is : 894 

Set number  170 for set cover is :  936 545 810 14 710 93 668 257 622 638 683 200 550 227 83 336 368 747 813 667 803 801 516 474 153 720 524 445 63 98 179 142 657 594 130 64 477 489 880 565 732 271 970 129 990 929 859 
This is the number  46 set added 
Length of the cover is : 898 

Set number  245 for set cover is :  635 88 740 787 144 803 821 922 354 886 699 557 870 351 94 507 217 231 987 670 363 976 788 81 167 972 973 449 539 911 965 728 466 559 97 966 53 408 71 102 738 334 73 21 890 266 626 
This is the number  47 set added 
Length of the cover is : 903 

Set number  363 for set cover is :  38 709 957 416 134 62 163 796 240 934 669 532 998 347 499 131 216 903 282 548 702 829 466 74 551 112 487 503 685 361 759 636 801 293 403 149 965 45 523 281 91 845 612 708 807 345 50 
This is the number  48 set added 
Length of the cover is : 913 

Set number  202 for set cover is :  797 539 303 400 43 571 304 399 305 966 179 344 649 595 45 178 707 37 987 277 619 945 100 839 417 59 712 710 901 812 66 591 474 531 216 805 415 495 679 853 970 493 635 409 648 988 
This is the number  49 set added 
Length of the cover is : 915 

Set number  65 for set cover is :  734 685 212 120 65 516 816 850 529 723 437 57 836 581 416 331 307 385 707 854 318 504 825 363 322 359 979 598 130 669 418 16 446 399 357 746 55 288 934 628 762 164 224 122 527 677 
This is the number  50 set added 
Length of the cover is : 920 

Set number  414 for set cover is :  699 500 721 620 130 538 68 84 952 974 652 775 889 917 224 369 459 396 979 682 898 986 446 893 710 62 927 127 211 585 73 511 246 383 390 431 146 392 925 164 616 190 908 42 496 89 609 
This is the number  51 set added 
Length of the cover is : 925 

Set number  161 for set cover is :  771 360 111 210 428 307 807 935 19 639 12 225 746 435 117 591 478 869 242 818 294 738 24 207 634 322 621 434 616 158 157 878 794 310 149 206 161 78 537 556 79 550 528 888 396 751 
This is the number  52 set added 
Length of the cover is : 929 

Set number  330 for set cover is :  109 583 749 241 1 122 500 162 725 400 668 460 532 982 212 311 829 776 356 190 934 95 108 565 149 504 509 45 623 243 640 775 533 451 893 555 681 785 323 882 718 814 675 41 137 862 
This is the number  53 set added 
Length of the cover is : 934 

Set number  279 for set cover is :  525 867 471 33 521 347 624 253 922 335 143 280 258 353 401 180 698 248 95 613 283 440 417 528 758 843 179 8 298 484 323 902 816 192 802 348 431 406 389 306 835 890 950 206 665 537 
This is the number  54 set added 
Length of the cover is : 937 

Set number  496 for set cover is :  598 932 54 870 660 574 560 416 596 540 267 749 250 744 907 137 850 148 492 624 608 751 657 691 658 859 51 334 386 270 428 253 387 138 66 9 968 935 437 629 844 72 90 335 807 783 
This is the number  55 set added 
Length of the cover is : 938 

Set number  31 for set cover is :  393 432 152 46 298 651 799 846 635 467 139 593 88 144 63 752 610 25 185 765 434 550 848 33 488 791 221 437 645 897 8 424 171 759 288 768 238 462 888 943 42 889 128 485 219 
This is the number  56 set added 
Length of the cover is : 942 

Set number  141 for set cover is :  283 503 133 596 118 956 899 721 934 308 947 247 397 540 556 143 11 209 652 102 942 569 583 666 238 392 746 527 565 138 865 670 526 646 562 323 688 255 830 501 168 140 654 853 951 
This is the number  57 set added 
Length of the cover is : 946 

Set number  282 for set cover is :  430 123 553 923 525 242 775 364 178 251 467 695 786 234 155 864 475 21 97 672 45 876 623 395 30 402 327 428 693 598 292 326 320 208 939 363 542 877 803 308 226 700 970 229 455 397 
This is the number  58 set added 
Length of the cover is : 948 

Set number  93 for set cover is :  16 339 464 42 764 916 121 853 635 87 90 148 862 918 200 116 83 372 467 459 402 494 551 565 952 987 356 284 384 740 422 948 990 176 998 84 186 569 58 171 546 74 573 681 150 
This is the number  59 set added 
Length of the cover is : 949 

Set number  87 for set cover is :  472 115 221 589 148 785 594 503 320 906 515 744 479 884 890 821 357 729 242 125 631 272 504 55 545 57 256 980 498 876 992 709 803 174 944 11 671 564 59 801 65 486 770 994 494 
This is the number  60 set added 
Length of the cover is : 951 

Set number  187 for set cover is :  777 899 311 144 323 322 61 858 403 731 687 351 135 464 981 479 650 439 885 228 169 373 474 451 780 695 547 630 528 188 675 917 466 567 574 741 390 595 955 585 107 469 571 587 30 
This is the number  61 set added 
Length of the cover is : 954 

Set number  143 for set cover is :  659 783 468 327 865 425 723 510 653 660 673 675 899 848 240 947 944 971 833 780 717 773 381 267 955 658 227 81 697 540 559 310 440 1 369 348 391 170 786 396 71 886 775 481 847 
This is the number  62 set added 
Length of the cover is : 956 

Set number  89 for set cover is :  184 863 455 38 829 749 666 229 322 736 483 514 870 687 307 775 20 850 59 756 867 798 216 622 970 707 160 409 891 187 823 981 546 742 851 529 672 354 207 74 663 44 425 356 499 51 
This is the number  63 set added 
Length of the cover is : 958 

Set number  168 for set cover is :  723 830 997 582 221 776 571 12 95 625 661 856 606 948 623 734 449 716 106 664 140 353 372 933 17 327 339 165 69 104 620 448 117 940 364 865 537 466 952 710 941 798 791 943 684 
This is the number  64 set added 
Length of the cover is : 959 

Set number  305 for set cover is :  500 930 119 857 671 219 537 534 627 146 381 59 941 573 705 921 78 138 677 553 569 302 53 557 177 492 520 92 76 494 660 549 170 532 305 145 879 650 780 657 718 605 582 229 481 
This is the number  65 set added 
Length of the cover is : 962 

Set number  329 for set cover is :  573 254 531 354 216 593 529 973 739 715 544 812 943 58 940 406 609 12 260 411 321 719 346 527 453 818 853 697 232 140 61 852 726 860 50 524 709 126 465 666 361 650 71 727 314 
This is the number  66 set added 
Length of the cover is : 964 

Set number  74 for set cover is :  363 863 588 827 774 276 524 223 975 834 372 262 576 40 100 580 135 859 145 437 497 899 634 90 157 12 452 565 18 153 690 494 446 721 883 320 67 407 290 831 701 231 618 240 
This is the number  67 set added 
Length of the cover is : 965 

Set number  277 for set cover is :  714 706 164 771 211 449 805 321 21 889 450 540 364 284 937 797 157 28 189 208 2 86 415 349 303 194 862 45 777 238 692 472 796 970 773 629 511 263 652 510 743 933 286 674 
This is the number  68 set added 
Length of the cover is : 966 

Set number  457 for set cover is :  482 248 541 306 193 654 110 885 309 737 855 987 687 860 767 740 211 998 395 52 593 915 156 145 607 66 854 55 298 572 868 323 104 628 709 849 231 505 557 635 661 809 952 
This is the number  69 set added 
Length of the cover is : 969 

Set number  70 for set cover is :  707 638 830 377 977 285 924 862 307 817 14 769 583 757 46 487 792 111 94 283 908 345 782 92 898 952 592 714 742 633 197 335 946 158 873 9 698 374 911 722 829 373 361 725 869 
This is the number  70 set added 
Length of the cover is : 970 

Set number  284 for set cover is :  705 909 941 628 481 377 814 202 790 87 254 539 553 360 719 451 432 963 150 257 120 647 956 413 450 751 974 4 258 436 277 59 940 407 265 921 287 813 294 301 374 69 687 636 
This is the number  71 set added 
Length of the cover is : 971 

Set number  469 for set cover is :  255 888 521 910 704 442 600 743 641 320 441 109 687 924 358 7 217 42 789 637 705 578 24 555 656 55 117 759 665 16 764 32 30 315 385 390 731 699 609 787 397 241 242 735 
This is the number  72 set added 
Length of the cover is : 973 

Set number  232 for set cover is :  773 303 933 991 528 514 117 38 110 61 695 561 604 500 91 352 589 567 519 924 396 491 758 94 425 461 256 263 202 966 475 497 177 954 283 485 849 158 771 126 605 878 741 217 
This is the number  73 set added 
Length of the cover is : 974 

Set number  184 for set cover is :  158 695 242 126 334 179 477 376 657 58 28 278 705 790 520 308 480 185 970 694 416 740 501 262 671 574 471 919 465 362 676 306 155 530 401 534 314 225 49 115 511 873 287 432 
This is the number  74 set added 
Length of the cover is : 975 

Set number  203 for set cover is :  991 377 959 115 699 729 588 96 79 556 905 929 247 787 129 33 701 269 226 282 638 758 784 265 374 367 326 833 116 595 914 685 943 703 515 27 639 529 952 539 725 986 74 478 
This is the number  75 set added 
Length of the cover is : 977 

Set number  353 for set cover is :  669 54 87 447 560 769 543 717 314 750 108 953 651 604 93 554 90 786 571 444 38 423 900 25 18 410 679 29 664 223 100 179 841 871 7 617 609 906 851 347 237 378 8 
This is the number  76 set added 
Length of the cover is : 978 

Set number  264 for set cover is :  105 607 763 178 976 353 733 191 462 254 652 173 52 345 941 257 672 502 731 378 852 863 781 683 359 247 369 969 49 563 780 470 108 681 94 308 724 510 410 93 908 14 316 
This is the number  77 set added 
Length of the cover is : 981 

Set number  483 for set cover is :  65 76 869 685 961 473 700 887 338 82 124 678 617 213 370 874 167 851 542 702 420 841 573 995 774 12 463 605 638 981 256 132 355 446 657 989 459 194 298 465 289 418 439 
This is the number  78 set added 
Length of the cover is : 983 

Set number  343 for set cover is :  900 114 551 159 535 455 515 593 788 560 175 177 653 347 450 230 319 377 420 341 169 97 662 280 588 628 9 799 987 480 431 376 18 785 387 723 160 864 998 255 132 793 269 
This is the number  79 set added 
Length of the cover is : 984 

Set number  126 for set cover is :  905 253 982 743 705 74 974 277 830 246 602 9 107 874 2 232 536 188 873 815 813 731 985 859 828 14 945 594 53 613 37 170 560 281 235 369 706 21 445 943 131 730 949 983 
This is the number  80 set added 
Length of the cover is : 985 

Set number  280 for set cover is :  491 623 2 809 909 735 888 87 423 431 218 316 893 516 51 648 647 189 483 924 682 493 716 523 745 728 690 74 584 112 202 597 799 386 24 345 891 658 540 219 63 960 571 956 
This is the number  81 set added 
Length of the cover is : 986 

Set number  383 for set cover is :  658 186 919 550 771 784 34 197 631 706 131 559 73 996 47 872 298 222 946 626 436 688 462 470 524 930 256 398 146 543 613 939 385 995 117 233 249 42 300 292 100 380 82 
This is the number  82 set added 
Length of the cover is : 987 

Set number  453 for set cover is :  296 531 373 250 988 530 688 931 94 777 544 321 637 558 290 657 466 204 411 790 994 958 807 328 303 186 295 413 479 880 109 778 985 83 918 618 452 96 264 752 447 378 
This is the number  83 set added 
Length of the cover is : 990 

Set number  403 for set cover is :  864 63 101 683 127 185 961 677 655 755 195 705 301 48 940 296 685 703 130 433 336 873 613 216 100 746 47 381 742 510 140 522 418 968 752 240 507 126 435 731 466 190 148 
This is the number  84 set added 
Length of the cover is : 991 

Set number  54 for set cover is :  849 35 621 279 664 756 572 653 325 156 699 597 590 666 651 280 15 755 436 865 108 419 142 509 602 271 491 971 496 540 314 268 704 914 680 417 164 359 902 80 954 267 
This is the number  85 set added 
Length of the cover is : 992 

Set number  380 for set cover is :  656 822 45 567 399 120 354 351 377 837 557 268 365 610 638 346 259 719 709 859 54 126 178 706 879 956 184 256 340 451 607 798 849 149 568 417 834 735 795 774 828 867 
This is the number  86 set added 
Length of the cover is : 993 

Set number  148 for set cover is :  128 282 405 196 145 118 734 951 537 93 890 144 464 256 980 530 903 99 494 755 273 640 970 674 863 764 552 798 306 168 311 368 364 20 335 392 6 151 100 4 190 831 
This is the number  87 set added 
Length of the cover is : 994 

Set number  135 for set cover is :  169 336 668 804 90 770 480 687 960 619 794 227 56 240 345 666 550 52 294 120 266 225 729 241 584 892 651 878 135 187 890 54 622 149 367 206 816 316 927 907 203 
This is the number  88 set added 
Length of the cover is : 995 

Set number  121 for set cover is :  834 370 838 840 199 492 903 212 862 890 850 675 764 789 634 129 608 947 654 721 75 819 182 105 545 202 920 382 207 328 658 528 176 701 474 512 904 827 29 925 648 
This is the number  89 set added 
Length of the cover is : 996 

Set number  455 for set cover is :  571 121 344 703 567 533 250 851 579 64 274 175 301 467 663 50 738 648 149 439 401 465 558 485 429 510 784 553 376 171 100 820 92 702 821 760 814 549 870 
This is the number  90 set added 
Length of the cover is : 997 

Set number  399 for set cover is :  987 778 576 141 405 951 292 34 119 281 137 618 583 889 215 109 655 139 612 485 271 657 662 194 685 534 601 361 752 522 279 531 512 882 971 252 836 443 
This is the number  91 set added 
Length of the cover is : 998 

Set number  373 for set cover is :  710 547 87 646 296 99 790 663 702 747 718 188 9 440 682 791 462 716 699 172 966 917 775 604 975 896 768 614 642 455 225 64 872 684 841 849 954 761 
This is the number  92 set added 
Length of the cover is : 999 

Set number  242 for set cover is :  1 956 454 56 162 96 836 901 841 411 594 699 611 428 235 923 684 812 198 347 284 794 337 604 567 554 606 451 521 929 26 303 605 778 688 414 
This is the number  93 set added 
Length of the cover is : 1000 

